5 5
1 0 0 0 0 0 0 0 0 0 0 0 0 0 0 0 9 10 20 21 23 0 0 0 0
2 0 0 0 0 0 0 0 0 0 0 0 0 0 0 0 8 0 0 0 0 0 0 0 0
3 0 0 0 0 0 0 0 0 0 0 0 0 0 0 0 5 0 4 2 13 0 0 0 0
4 0 0 0 0 0 0 10 8 7 6 5 2 3 0 0 0 0 0 0 0 0 0 0 0
0 0 0 0 0 0 0 0 0 0 0 0 0 0 0 0 0 0 0 0 0 0 0 0 0
7 0 0 0 0 0 0 0 0 0 0 0 0 0 0 0 0 0 0 0 0 0 0 0 0
6 0 0 0 0 0 0 11 0 0 0 0 0 18 0 0 0 0 0 0 0 0 0 0 0
5 0 0 0 0 0 0 0 0 0 0 0 0 22 0 0 0 0 0 0 0 0 0 0 0
0 0 0 0 0 0 0 0 0 0 0 0 0 21 0 0 0 0 0 0 19 0 0 0 0
8 0 0 0 0 0 0 24 0 0 0 0 0 19 0 0 0 0 0 17 0 0 0 0 0
0 0 0 0 0 0 0 23 0 0 0 0 0 17 0 0 0 0 0 14 0 0 0 0 0
21 0 0 0 0 0 0 0 0 0 12 0 15 0 0 0 0 0 0 0 0 0 0 0 0
0 0 0 0 0 0 0 0 0 0 0 0 0 0 0 0 0 0 0 0 0 0 0 0 0
0 0 0 0 0 0 0 0 0 10 0 0 0 0 0 0 0 0 0 0 0 0 0 0 0
22 0 0 0 0 0 0 8 0 0 0 0 0 0 0 0 0 0 0 25 0 0 0 0 0
0 0 0 0 0 0 0 7 0 0 0 0 0 0 0 0 0 0 0 0 21 0 0 0 0
0 0 0 0 0 0 6 0 0 0 0 0 0 0 0 0 0 0 0 0 10 0 0 0 0
23 0 0 0 0 5 0 0 0 0 0 20 24 0 0 0 0 0 0 0 0 0 19 18 0
0 0 0 0 0 4 0 0 0 0 0 0 0 0 0 0 0 0 0 0 0 20 0 0 0
0 0 0 0 0 3 0 0 0 0 0 0 0 0 0 0 0 0 0 0 0 0 0 0 0
0 0 0 0 0 15 0 0 0 0 0 0 0 0 0 0 0 0 0 0 0 0 0 0 0
0 0 0 0 0 17 0 0 0 0 0 0 0 0 0 0 0 0 0 0 0 0 0 0 0
0 0 0 0 0 12 0 0 0 0 0 0 0 0 0 0 0 0 0 0 0 0 0 0 0
0 0 0 0 0 7 0 0 0 0 0 0 0 0 0 0 0 0 0 0 0 0 0 0 0
0 0 0 0 0 25 0 0 0 0 0 0 0 0 0 0 0 0 0 0 0 0 0 0 0
